# Theoretical Max Height	6.45311498641968
# Observed Max Height	5.120
# Column	Heights																				Expected Insert Length	Insert Probability	Delete Probability	Model Mask
#       	A	C	D	E	F	G	H	I	K	L	M	N	P	Q	R	S	T	V	W	Y
1	0.103	1.853	0.014	0.020	0.043	0.045	0.013	0.113	0.027	0.152	0.219	0.024	0.023	0.021	0.025	0.073	0.066	0.128	0.008	0.025	1.9	0.01	1.00	0
2	0.022	0.002	0.019	0.029	0.003	0.009	0.007	0.005	0.029	0.018	0.004	0.023	0.011	0.038	0.020	0.054	0.024	0.008	0.001	0.004	1.9	0.01	1.00	0
3	0.015	0.001	0.028	0.029	0.002	0.007	0.008	0.004	0.028	0.019	0.003	0.021	0.008	0.023	0.016	0.018	0.012	0.014	0.001	0.003	1.9	0.01	0.99	0
4	0.021	0.003	0.011	0.022	0.023	0.008	0.007	0.014	0.024	0.019	0.012	0.012	0.032	0.018	0.025	0.018	0.020	0.018	0.002	0.070	1.9	0.01	0.99	0
5	0.021	0.001	0.009	0.019	0.002	0.005	0.004	0.006	0.023	0.010	0.003	0.012	0.017	0.014	0.015	0.016	0.020	0.009	0.001	0.003	1.9	0.01	0.99	0
6	0.024	0.001	0.018	0.037	0.003	0.011	0.006	0.004	0.026	0.010	0.006	0.024	0.005	0.019	0.017	0.035	0.025	0.009	0.001	0.003	1.9	0.01	0.99	0
7	0.016	0.001	0.008	0.014	0.002	0.013	0.007	0.003	0.019	0.005	0.004	0.014	0.007	0.010	0.011	0.015	0.012	0.010	0.001	0.002	5.4	0.48	0.82	0
8	0.016	0.001	0.004	0.005	0.006	0.004	0.002	0.010	0.005	0.010	0.003	0.003	0.002	0.004	0.005	0.006	0.008	0.010	0.001	0.004	1.9	0.01	0.69	0
9	0.062	4.684	0.014	0.014	0.014	0.047	0.009	0.022	0.015	0.029	0.009	0.017	0.022	0.011	0.017	0.048	0.036	0.033	0.005	0.011	1.9	0.01	0.94	0
10	0.053	0.007	0.026	0.036	0.007	0.026	0.010	0.012	0.032	0.018	0.008	0.082	0.331	0.024	0.021	0.088	0.182	0.020	0.002	0.007	2.3	0.16	0.97	0
11	0.047	0.003	0.019	0.034	0.005	0.031	0.011	0.010	0.094	0.016	0.039	0.021	0.009	0.026	0.138	0.027	0.022	0.014	0.002	0.007	1.9	0.01	0.99	0
12	0.023	0.002	0.032	0.055	0.003	0.009	0.011	0.040	0.025	0.013	0.004	0.019	0.006	0.033	0.015	0.019	0.015	0.008	0.001	0.004	1.9	0.01	0.99	0
13	0.035	0.009	0.006	0.011	0.099	0.012	0.062	0.042	0.013	0.149	0.041	0.011	0.008	0.012	0.012	0.036	0.028	0.050	0.024	0.183	1.9	0.01	0.99	0
14	0.019	0.002	0.039	0.040	0.006	0.009	0.007	0.005	0.037	0.012	0.004	0.035	0.006	0.022	0.023	0.022	0.024	0.012	0.001	0.004	1.9	0.01	0.99	0
15	0.037	0.004	0.029	0.051	0.007	0.020	0.020	0.013	0.160	0.023	0.010	0.033	0.541	0.083	0.125	0.038	0.031	0.019	0.003	0.010	1.9	0.01	0.99	0
16	0.059	0.010	0.006	0.011	0.023	0.012	0.037	0.196	0.014	0.089	0.024	0.010	0.008	0.011	0.012	0.023	0.031	0.275	0.005	0.015	1.9	0.01	0.99	0
17	0.062	4.684	0.014	0.014	0.014	0.047	0.009	0.022	0.015	0.029	0.009	0.017	0.022	0.011	0.017	0.048	0.036	0.033	0.005	0.011	1.9	0.01	0.99	0
18	0.100	0.009	0.081	0.049	0.006	0.817	0.011	0.011	0.028	0.016	0.007	0.034	0.017	0.024	0.018	0.134	0.041	0.021	0.002	0.007	1.9	0.01	0.99	0
19	0.028	0.003	0.038	0.034	0.005	0.013	0.010	0.017	0.032	0.014	0.007	0.036	0.008	0.023	0.020	0.081	0.123	0.014	0.002	0.006	1.9	0.01	0.99	0
20	0.090	0.003	1.093	0.122	0.006	0.040	0.020	0.009	0.045	0.015	0.006	0.197	0.020	0.045	0.022	0.053	0.032	0.015	0.002	0.009	1.9	0.01	0.99	0
21	0.033	0.003	0.018	0.030	0.005	0.129	0.023	0.009	0.029	0.014	0.013	0.054	0.008	0.021	0.018	0.032	0.020	0.013	0.002	0.006	1.9	0.01	0.99	0
22	0.018	0.003	0.008	0.015	0.019	0.007	0.005	0.019	0.057	0.017	0.007	0.010	0.005	0.025	0.011	0.023	0.014	0.050	0.002	0.006	1.9	0.01	0.99	0
23	0.062	0.008	0.050	0.085	0.010	0.034	0.016	0.018	0.047	0.026	0.011	0.063	0.018	0.035	0.031	0.096	0.738	0.028	0.003	0.010	1.9	0.01	0.99	0
24	0.019	0.008	0.009	0.009	0.451	0.013	0.053	0.031	0.012	0.076	0.019	0.021	0.010	0.017	0.015	0.023	0.016	0.032	0.049	2.418	1.9	0.01	0.99	0
25	0.053	0.002	0.059	0.047	0.003	0.015	0.008	0.006	0.027	0.009	0.004	0.017	0.011	0.019	0.017	0.062	0.022	0.009	0.001	0.004	1.9	0.01	0.99	0
26	0.071	0.009	0.051	0.057	0.007	0.096	0.013	0.012	0.037	0.018	0.008	0.721	0.019	0.030	0.024	0.286	0.045	0.022	0.002	0.008	1.9	0.01	0.99	0
27	0.026	0.002	0.041	0.113	0.004	0.012	0.010	0.007	0.049	0.011	0.005	0.020	0.016	0.024	0.028	0.047	0.030	0.010	0.001	0.006	1.9	0.01	0.99	0
28	0.062	4.684	0.014	0.014	0.014	0.047	0.009	0.022	0.015	0.029	0.009	0.017	0.022	0.011	0.017	0.048	0.036	0.033	0.005	0.011	1.9	0.01	0.99	0
29	0.012	0.002	0.003	0.006	0.008	0.013	0.012	0.014	0.009	0.022	0.010	0.004	0.002	0.009	0.005	0.011	0.015	0.017	0.001	0.004	1.9	0.01	0.99	0
30	0.024	0.007	0.003	0.006	0.371	0.006	0.005	0.211	0.007	0.580	0.131	0.005	0.006	0.009	0.008	0.012	0.020	0.069	0.005	0.013	3.7	0.23	0.99	0
31	0.390	2.299	0.017	0.019	0.018	0.083	0.011	0.042	0.022	0.044	0.017	0.034	0.036	0.019	0.022	0.134	0.096	0.072	0.004	0.012	1.9	0.01	0.99	0
32	0.031	0.002	0.007	0.012	0.008	0.005	0.004	0.007	0.015	0.017	0.012	0.018	0.003	0.016	0.008	0.015	0.016	0.009	0.001	0.003	1.9	0.01	0.93	0
33	0.025	0.002	0.009	0.033	0.004	0.006	0.016	0.006	0.018	0.032	0.004	0.009	0.004	0.011	0.010	0.013	0.011	0.009	0.001	0.013	1.9	0.01	0.96	0
34	0.021	0.002	0.016	0.051	0.004	0.009	0.008	0.010	0.042	0.010	0.005	0.054	0.006	0.019	0.021	0.026	0.021	0.021	0.001	0.010	1.9	0.01	0.98	0
35	0.011	0.001	0.003	0.006	0.002	0.013	0.002	0.008	0.009	0.009	0.006	0.004	0.002	0.006	0.009	0.006	0.005	0.011	0.001	0.002	1.2	0.17	0.99	0
36	0.027	0.002	0.022	0.088	0.004	0.013	0.010	0.007	0.100	0.021	0.006	0.041	0.008	0.040	0.024	0.028	0.036	0.011	0.001	0.006	1.9	0.01	0.99	0
37	0.020	0.002	0.015	0.026	0.014	0.013	0.020	0.006	0.051	0.009	0.011	0.024	0.006	0.030	0.041	0.033	0.016	0.009	0.001	0.004	1.9	0.01	0.99	0
38	0.023	0.002	0.025	0.032	0.004	0.097	0.015	0.006	0.044	0.010	0.005	0.033	0.007	0.030	0.046	0.024	0.018	0.010	0.001	0.005	1.9	0.01	0.99	0
39	0.022	0.002	0.008	0.015	0.010	0.013	0.018	0.006	0.015	0.016	0.004	0.009	0.004	0.017	0.018	0.012	0.033	0.008	0.001	0.003	1.9	0.01	0.99	0
40	0.020	0.002	0.024	0.035	0.003	0.009	0.011	0.005	0.045	0.019	0.004	0.036	0.009	0.036	0.016	0.033	0.028	0.008	0.001	0.004	1.9	0.01	0.99	0
41	0.028	0.008	0.004	0.006	0.065	0.007	0.004	0.344	0.007	0.459	0.037	0.006	0.006	0.007	0.007	0.012	0.022	0.255	0.004	0.011	1.9	0.01	0.99	0
42	0.020	0.002	0.025	0.031	0.010	0.013	0.031	0.005	0.035	0.014	0.004	0.024	0.006	0.039	0.028	0.033	0.016	0.008	0.001	0.004	1.9	0.01	0.99	0
43	0.025	0.006	0.006	0.011	0.041	0.008	0.006	0.077	0.126	0.149	0.019	0.008	0.006	0.010	0.010	0.017	0.020	0.049	0.003	0.011	1.9	0.01	0.99	0
44	0.015	0.001	0.021	0.021	0.002	0.008	0.004	0.005	0.019	0.012	0.002	0.011	0.003	0.015	0.013	0.014	0.009	0.015	0.001	0.002	1.9	0.01	0.99	0
45	0.032	0.003	0.023	0.042	0.006	0.015	0.108	0.010	0.107	0.017	0.008	0.025	0.010	0.043	0.088	0.045	0.026	0.015	0.002	0.071	1.9	0.01	0.99	0
46	0.012	0.002	0.032	0.013	0.011	0.005	0.006	0.013	0.013	0.010	0.012	0.013	0.003	0.009	0.015	0.022	0.010	0.009	0.005	0.006	1.9	0.01	0.99	0
47	0.138	0.013	0.028	0.031	0.007	1.030	0.009	0.013	0.023	0.018	0.008	0.073	0.020	0.019	0.017	0.075	0.094	0.027	0.002	0.006	1.9	0.01	0.99	0
48	0.038	0.001	0.014	0.046	0.003	0.012	0.012	0.005	0.035	0.010	0.004	0.014	0.022	0.029	0.022	0.018	0.017	0.007	0.001	0.004	1.9	0.01	0.99	0
49	0.062	4.684	0.014	0.014	0.014	0.047	0.009	0.022	0.015	0.029	0.009	0.017	0.022	0.011	0.017	0.048	0.036	0.033	0.005	0.011	0	0.00	0.99	0
